# Created by Octave 4.0.3, Sun Mar 26 15:15:37 2017 EEST <vadimstupakov@vadimstupakov-Inspiron-5748>
# name: w
# type: matrix
# rows: 10
# columns: 100
 1.800891969366225 -0.3749806064228919 0.6375806609131407 1.214255166572986 0.5654599563932117 -0.4618957160621828 0.4246063318191232 1.022470679423927 -0.3525961468748463 0.2860718769795816 -0.2415481527851332 0.4705706319938531 0.06824969822922257 0.6026769815141826 -0.6523796145702726 -0.2979816696095575 -1.230462568457558 -0.2492167200767534 0.5633821883677747 -1.630147235491308 -0.516640267820503 0.9862026079872127 -0.04261816823915344 0.2508487125472532 0.06418027563015061 -0.8733579280522296 -0.5506785972893876 0.9077928601836007 1.231878886619528 -0.2345290777625382 2.45930334961507 1.691545035458828 0.8358012614576111 0.6814140070367569 -0.2504954880580039 -0.1566226399718859 0.5241441438674347 -0.7701398436766359 -0.9008332980741566 0.4117453727988331 0.7423032646193874 -1.132184383045721 -1.135628015735065 -0.7196074203314335 -0.3915097781168272 0.02327606684430013 -1.917400949651625 0.4180709008336333 0.001356681967609821 -0.3838099731046536 0.2477819506717282 -1.089640451326925 -0.7117453714875808 0.7631752911406819 0.06789063925515297 -0.7025760692476861 -0.9797131309017508 0.3769935495971423 -1.189007912718174 1.254337464068616 0.3673122931174309 -0.3565724344004805 0.902945791230425 -0.414210188313208 -0.9072364877282048 -0.1053357649388467 0.001751203011401757 -0.1174045562384662 0.5809293128855645 1.58124344611165 2.048464326279074 -0.608868980362017 1.817356830008164 -1.539739961271273 1.188633742710515 0.05827750330309591 0.8524140364421099 0.7550583385862457 3.113329855884807 1.304185847030412 -0.01453701225566595 0.8456353407700204 -0.05050313962273468 -0.9030767210180329 -0.06720464572667784 0.1239159550475581 -1.381262972213334 0.7037082241178992 0.3975378184625872 -0.4969229956111118 1.231601547587846 0.287444899089693 -0.20059254858383 -0.5841733678530767 -1.00226028491818 0.2880084949276325 -0.6401420538457623 -0.4652449019250343 3.111103793940222 0.6916976327295054
 0.3822817657545084 -0.07696622811689174 -0.1221726835205804 -0.7090298490471906 -2.556451678248157 -0.7653607142185066 0.1127300431047625 0.04031648865505589 -0.6102902324290556 1.014565652188495 -1.035700479897526 0.654368212999858 -0.3131351426001337 0.5947276868926703 -1.443408696204827 1.331186231902374 -0.4682366671576795 1.402818895716774 -1.46262118050947 -0.4221241629850573 -0.5883016659437839 0.3390916650191153 -0.8850903681158323 0.5076002025757442 -0.2259102558409835 2.187390279473329 -0.006821979147044188 0.6005075614622589 -0.6656160731458116 0.341796442221357 -0.9386430396897604 0.2170616417543706 -0.4054941400647664 0.06544608852140332 -0.301969150948458 -1.098475510391465 0.08878329756719844 -1.462753380350548 0.2486373383840181 0.8076694790699491 -1.20501549097578 0.03479039633602249 0.05706001957574203 -0.08205089415311104 0.5954082713357944 1.249954516892804 0.6809712063977005 0.7136021691869874 0.3144703764309622 0.1635045472852466 0.07494837279070207 -0.5730622419242091 1.104267678116876 0.8403338537208919 -0.02131452519104212 -0.2949737803373714 -1.369467690842369 -1.276973171491144 -2.104536260319439 0.4855597445215214 -0.2189391288638893 1.468054952317731 1.376546248911872 -0.3318968611792882 -0.01501498000659865 -0.6700281486825519 -1.518798872222071 -0.1742043461030876 0.4237544343419346 1.761793242678289 1.215622406042983 -0.1862802828811375 -2.625692248362103 -0.3098513522869835 -1.843793943106648 -0.7232596407140889 -0.7670199639502334 1.392106905860711 0.3976481852836263 -0.9509130891297205 0.5887591042132695 -0.03031872086571065 0.6671973933584784 1.748337767758522 0.09316506796406 -2.105179331009963 -0.9880707285489195 0.5478359489091927 -0.5433233587338319 -0.3620313815687551 0.07368480399305832 -0.02282614102753935 0.9313432280874079 -0.3819913442777007 1.329934364570896 2.044633303013021 1.108402460247442 -0.8196104811525864 -1.45712244111998 0.5420267282172071
 -0.2175672542020966 0.3851186788757125 -0.2058699401102134 -0.01295246548925684 0.7236498373572831 1.948825488366277 0.6231743577469326 1.306049925919107 -1.660354576966943 -0.1853115314715356 2.450458383085204 1.724449490988954 -0.861332365085192 0.2567857875235841 -0.5315361582721894 -0.469556965049972 0.4006229822312902 0.3599461662718231 -0.1019383565814023 0.6810471876622238 1.09589799931714 0.7373709409624909 -0.3926528721184354 0.09115075434383552 0.7795225387786653 1.184942379106818 -1.182498589093089 -0.9422392634143724 -0.6389323660484696 0.1934458668662198 0.1676870332804647 2.598065656843774 -0.7030271324008153 0.5381701603658269 0.03905082752829024 1.955430521549168 -0.2364835115863884 -0.727197661607255 1.09848634241036 -1.106193222537745 1.318285472834293 -0.2224941391344541 0.7536332818103861 -0.1100304614398244 1.393341064087615 1.200798646496191 0.08666679125617803 -0.08540496361583712 1.00321089675886 -1.255968877352361 0.4419450697623115 0.8709062272747851 1.08332767240806 1.381146182015635 -0.7655675947008661 0.4361049912993032 0.333682765845194 -0.2410717890026279 -0.9035194578662945 0.396328681041245 0.6187556079898929 1.246004826594072 0.6583734183935737 0.4432654309296792 0.784541262990239 -1.121748611973364 0.2820135418923349 -1.007642634784512 1.684059660905117 1.066669367254187 0.8540441180881485 0.1434552266653185 0.347156474961047 1.491411525546651 0.5287588805479853 -0.3647144084375719 -0.6027144593088704 -1.716997668100291 -1.21642592289145 -0.6390123839841643 0.2723129187096007 0.2940560272722064 -0.3390950772548924 0.9431151178677716 0.2502849118597875 0.4130760320620214 -1.374666087415687 -0.468510048859046 0.5649386638399063 1.949664291082178 0.8423498134428004 -0.7833255637535617 0.3409902994519324 -0.206289548195431 1.015108687689908 0.9700856885852198 0.3342367933515819 -0.7707565581920234 -1.409133734077785 -0.689871206749512
 -0.227342826920876 -0.8547754347387926 0.9565682723334717 0.6529567628626067 -0.8169763991406317 1.222455344395136 -0.2272018123570712 -0.9146050443282838 0.277778508594051 -0.3804813265828669 -1.145659745325937 1.137443217771865 0.5190173520781328 0.9893046122083742 -0.1753911325273882 -0.04490313159239999 1.322338782881479 -0.2440784193530516 0.09690083127056022 -0.9826742884618299 0.1423094424480814 0.6623951933174382 1.660536612648169 0.7587793091388524 0.3976509428080938 -0.3818024378732718 -1.730609661194848 2.178541314480181 -2.305285868663976 -1.26290336347525 0.2021083197615867 0.5543662603084831 -1.910307357229769 -0.5412286053881358 0.2179570126823793 -1.091467166986178 -0.0461575698711106 -0.3950522178236685 0.01737696209069668 0.1958697110526743 -0.7130840634507541 -0.7100860705664371 -0.09479069483940195 1.202380435304346 0.8762646402876663 0.9209236896853502 0.339972044642813 -0.1059836134204073 0.1320106923431006 -0.8129106170108197 -0.02144516917530845 -0.6121104466117991 0.2549850751295158 -0.662552294305217 -0.7206844979607493 0.1405785988473961 -0.2164061558870424 -0.03208663972414669 0.6191817341546337 -2.228760576644629 -0.7422508582238437 -1.456830917583018 0.4686438015678491 -0.7538168698281819 -0.3155830544412271 -1.173930327725701 -0.5741448011346659 -0.04858248609750689 -0.3852786763614411 0.8814077149188111 1.189151894403211 0.8452089859849375 0.150013463886114 -0.02002154417400118 1.914261119574119 -0.3414174998645467 -0.135597459466816 -0.7282142047926013 0.6735722889016025 0.7806298753499897 -0.3399371257763323 1.311101693909858 -0.5779630506553676 -0.1236618288830236 -0.03193443430699325 -1.365316003788992 0.9424907021310256 -0.4993165152834707 1.369828274586442 -0.5341394395417249 -0.1863600852255966 -0.7200314454244813 -7.498798500424057e-05 -0.31539493468785 0.2969697960216369 -0.2391938401868956 0.7289276698246031 -0.5367788407244328 -1.189601693249034 2.131416874862905
